image_width: 1920
image_height: 1080
camera_name: seecam
camera_matrix:
  rows: 3
  cols: 3
  data: [934.281698, 0.000000, 978.774701, 0.000000, 932.382656, 584.508847, 0.000000, 0.000000, 1.000000]
distortion_model: plumb_bob
distortion_coefficients:
  rows: 1
  cols: 5
  data: [-0.246201, 0.052920, -0.002706, 0.001397, 0.000000]
rectification_matrix:
  rows: 3
  cols: 3
  data: [1.000000, 0.000000, 0.000000, 0.000000, 1.000000, 0.000000, 0.000000, 0.000000, 1.000000]
projection_matrix:
  rows: 3
  cols: 4
  data: [679.483887, 0.000000, 982.117586, 0.000000, 0.000000, 846.086121, 590.569385, 0.000000, 0.000000, 0.000000, 1.000000, 0.000000]
